51588292494571
71258291183263
71367191361463
71369391494563
71369391572663
71369391661763
71369391883963
71369392161273
71369392172273
71369392183273
71369392261373
71369392272373
71369392283373
71369392361473
71369392372473
71369392383473
71369392461573
71369392472573
71369392483573
71369392494573
71369392561673
71369392572673
71369392583673
71369392594673
71369392661773
71369392672773
71369392683773
71369392761873
71369392772873
71369392783873
71369392861973
71369392872973
71369392883973
71369393661783
71477191161263
71477191172263
71477191183263
71477191194263
71477191261363
71477191272363
71477191283363
71477191294363
71477191361463
71477191372463
71477191383463
71477191394463
71477191461563
71477191472563
71477191483563
71477191494563
71477191561663
71477191572663
71477191583663
71477191594663
71477191661763
71477191672763
71477191683763
71477191694763
71477191761863
71477191772863
71477191783863
71477191794863
71477191861963
71477191872963
71477191883963
71477191894963
71477192161273
71477192172273
71477192183273
71477192194273
71477192261373
71477192272373
71477192283373
71477192361473
71477192372473
71477192383473
71477192394473
71477192461573
71477192472573
71477192483573
71477192494573
71477192561673
71477192572673
71477192583673
71477192661773
71477192672773
71477192683773
71477192694773
71477192761873
71477192772873
71477192783873
71477192794873
71477192861973
71477192883973
71478291161263
71478291172263
71478291183263
71478291194263
71478291283363
71478291372463
71478291383463
71478291394463
71478291461563
71478291472563
71478291483563
71478291494563
71478291561663
71478291572663
71478291583663
71478291661763
71478291672763
71478291683763
71478291761863
71478291772863
71478291783863
71478291861963
71478291883963
71478291894963
71478292161273
71478292183273
71478292261373
71478292272373
71478292283373
71478292361473
71478292372473
71478292383473
71478292461573
71478292472573
71478292483573
71478292494573
71478292561673
71478292572673
71478292583673
71478292594673
71478292672773
71478292683773
71478292761873
71478292772873
71478292783873
71478292861973
71478292872973
71478292883973
71478292894973
71479391161263
71479391172263
71479391183263
71479391261363
71479391272363
71479391283363
71479391294363
71479391361463
71479391372463
71479391383463
71479391461563
71479391472563
71479391483563
71479391572663
71479391583663
71479391661763
71479391683763
71479391761863
71479391772863
71479391783863
71479391794863
71479391861963
71479391872963
71479391883963
71479392172273
71479392183273
71479392194273
71479392261373
71479392272373
71479392283373
71479392294373
71479392361473
71479392372473
71479392383473
71479392394473
71479392461573
71479392472573
71479392483573
71479392494573
71479392561673
71479392572673
71479392583673
71479392661773
71479392672773
71479392683773
71479392694773
71479392761873
71479392772873
71479392783873
71479392794873
71479392861973
71479392872973
71479392883973
71587191161263
71587191172263
71587191183263
71587191194263
71587191261363
71587191272363
71587191283363
71587191294363
71587191361463
71587191372463
71587191383463
71587191394463
71587191461563
71587191472563
71587191483563
71587191494563
71587191561663
71587191572663
71587191583663
71587191661763
71587191672763
71587191683763
71587191694763
71587191761863
71587191772863
71587191783863
71587191794863
71587191861963
71587191872963
71587191883963
71587191894963
71587192161273
71587192172273
71587192183273
71587192194273
71587192261373
71587192272373
71587192283373
71587192294373
71587192361473
71587192372473
71587192383473
71587192461573
71587192472573
71587192483573
71587192494573
71587192561673
71587192572673
71587192583673
71587192661773
71587192672773
71587192683773
71587192694773
71587192761873
71587192772873
71587192783873
71587192794873
71587192861973
71587192872973
71587192883973
71587192894973
71588291161263
71588291172263
71588291183263
71588291194263
71588291261363
71588291272363
71588291283363
71588291294363
71588291361463
71588291372463
71588291383463
71588291394463
71588291461563
71588291472563
71588291483563
71588291494563
71588291561663
71588291572663
71588291583663
71588291594663
71588291661763
71588291672763
71588291683763
71588291694763
71588291761863
71588291772863
71588291783863
71588291794863
71588291861963
71588291872963
71588291883963
71588291894963
71588292161273
71588292172273
71588292183273
71588292194273
71588292261373
71588292272373
71588292283373
71588292294373
71588292361473
71588292372473
71588292383473
71588292461573
71588292472573
71588292483573
71588292494573
71588292561673
71588292572673
71588292583673
71588292661773
71588292672773
71588292683773
71588292694773
71588292761873
71588292772873
71588292783873
71588292861973
71588292872973
71588292883973
71588292894973
71589391161263
71589391172263
71589391183263
71589391261363
71589391272363
71589391283363
71589391361463
71589391372463
71589391383463
71589391461563
71589391472563
71589391483563
71589391494563
71589391561663
71589391572663
71589391583663
71589391594663
71589391661763
71589391672763
71589391683763
71589391694763
71589391761863
71589391772863
71589391783863
71589391794863
71589391861963
71589391872963
71589391883963
71589391894963
71589392172273
71589392183273
71589392194273
71589392261373
71589392272373
71589392283373
71589392361473
71589392372473
71589392383473
71589392461573
71589392472573
71589392483573
71589392494573
71589392561673
71589392572673
71589392583673
71589392661773
71589392672773
71589392683773
71589392694773
71589392761873
71589392772873
71589392783873
71589392794873
71589392861973
71589392872973
71589392883973
71697191161263
71697191172263
71697191183263
71697191194263
71697191261363
71697191272363
71697191283363
71697191294363
71697191361463
71697191372463
71697191383463
71697191394463
71697191461563
71697191472563
71697191483563
71697191494563
71697191561663
71697191572663
71697191583663
71697191594663
71697191661763
71697191672763
71697191683763
71697191761863
71697191772863
71697191783863
71697191794863
71697191861963
71697191872963
71697191883963
71697191894963
71697192161273
71697192172273
71697192183273
71697192194273
71697192261373
71697192272373
71697192283373
71697192294373
71697192361473
71697192372473
71697192383473
71697192394473
71697192461573
71697192472573
71697192483573
71697192561673
71697192572673
71697192583673
71697192594673
71697192661773
71697192672773
71697192683773
71697192694773
71697192761873
71697192783873
71697192794873
71697192861973
71697192872973
71697192883973
71697192894973
71698291172263
71698291183263
71698291261363
71698291283363
71698291361463
71698291372463
71698291383463
71698291394463
71698291461563
71698291483563
71698291494563
71698291561663
71698291572663
71698291583663
71698291672763
71698291683763
71698291694763
71698291761863
71698291772863
71698291783863
71698291861963
71698291872963
71698291883963
71698292161273
71698292172273
71698292183273
71698292272373
71698292283373
71698292361473
71698292372473
71698292383473
71698292394473
71698292461573
71698292472573
71698292483573
71698292494573
71698292561673
71698292572673
71698292583673
71698292661773
71698292672773
71698292683773
71698292694773
71698292761873
71698292772873
71698292783873
71698292794873
71698292861973
71698292872973
71698292883973
71699391161263
71699391172263
71699391183263
71699391194263
71699391261363
71699391272363
71699391283363
71699391294363
71699391361463
71699391372463
71699391383463
71699391461563
71699391472563
71699391483563
71699391494563
71699391561663
71699391572663
71699391583663
71699391594663
71699391661763
71699391672763
71699391683763
71699391761863
71699391772863
71699391783863
71699391794863
71699391861963
71699391872963
71699391883963
71699391894963
71699392161273
71699392172273
71699392183273
71699392194273
71699392261373
71699392283373
71699392372473
71699392383473
71699392461573
71699392472573
71699392483573
71699392561673
71699392572673
71699392583673
71699392594673
71699392661773
71699392672773
71699392683773
71699392694773
71699392761873
71699392772873
71699392783873
71699392861973
71699392872973
71699392883973
81147191161264
81147191172264
81147191183264
81147191261364
81147191272364
81147191283364
81147191361464
81147191372464
81147191383464
81147191461564
81147191472564
81147191483564
81147191561664
81147191572664
81147191583664
81147191594664
81147191661764
81147191672764
81147191683764
81147191694764
81147191761864
81147191772864
81147191783864
81147191872964
81147191883964
81147192161274
81147192172274
81147192183274
81147192261374
81147192272374
81147192283374
81147192294374
81147192372474
81147192383474
81147192394474
81147192461574
81147192472574
81147192483574
81147192561674
81147192572674
81147192583674
81147192661774
81147192672774
81147192683774
81147192694774
81147192761874
81147192772874
81147192783874
81147192794874
81147192861974
81147192872974
81147192883974
81147192894974
81148291161264
81148291183264
81148291194264
81148291261364
81148291283364
81148291361464
81148291372464
81148291383464
81148291394464
81148291461564
81148291472564
81148291483564
81148291561664
81148291572664
81148291583664
81148291672764
81148291683764
81148291772864
81148291783864
81148291861964
81148291872964
81148291883964
81148292161274
81148292172274
81148292183274
81148292261374
81148292272374
81148292283374
81148292372474
81148292383474
81148292461574
81148292472574
81148292483574
81148292494574
81148292561674
81148292572674
81148292583674
81148292661774
81148292672774
81148292683774
81148292761874
81148292772874
81148292783874
81148292861974
81148292872974
81148292883974
81149391161264
81149391172264
81149391183264
81149391261364
81149391272364
81149391283364
81149391361464
81149391372464
81149391383464
81149391461564
81149391472564
81149391483564
81149391494564
81149391561664
81149391572664
81149391583664
81149391594664
81149391661764
81149391672764
81149391683764
81149391694764
81149391761864
81149391772864
81149391783864
81149391794864
81149391861964
81149391883964
81149392161274
81149392172274
81149392183274
81149392194274
81149392261374
81149392272374
81149392283374
81149392361474
81149392372474
81149392383474
81149392394474
81149392461574
81149392472574
81149392483574
81149392494574
81149392561674
81149392572674
81149392583674
81149392661774
81149392672774
81149392683774
81149392694774
81149392761874
81149392772874
81149392783874
81149392861974
81149392872974
81149392883974
81257191161264
81257191172264
81257191183264
81257191261364
81257191272364
81257191283364
81257191294364
81257191361464
81257191372464
81257191383464
81257191394464
81257191461564
81257191472564
81257191483564
81257191494564
81257191572664
81257191583664
81257191594664
81257191661764
81257191672764
81257191683764
81257191694764
81257191761864
81257191772864
81257191783864
81257191861964
81257191872964
81257191883964
81257192161274
81257192172274
81257192183274
81257192194274
81257192261374
81257192272374
81257192283374
81257192294374
81257192361474
81257192372474
81257192383474
81257192394474
81257192461574
81257192472574
81257192483574
81257192494574
81257192572674
81257192583674
81257192661774
81257192672774
81257192683774
81257192694774
81257192761874
81257192772874
81257192783874
81257192861974
81257192872974
81257192883974
81257192894974
81258291161264
81258291172264
81258291183264
81258291194264
81258291261364
81258291272364
81258291283364
81258291294364
81258291372464
81258291383464
81258291394464
81258291461564
81258291472564
81258291483564
81258291494564
81258291561664
81258291572664
81258291583664
81258291594664
81258291661764
81258291672764
81258291683764
81258291694764
81258291761864
81258291772864
81258291783864
81258291794864
81258291861964
81258291872964
81258291883964
81258292161274
81258292172274
81258292183274
81258292194274
81258292261374
81258292272374
81258292283374
81258292361474
81258292372474
81258292383474
81258292461574
81258292472574
81258292483574
81258292494574
81258292561674
81258292572674
81258292583674
81258292594674
81258292661774
81258292672774
81258292683774
81258292694774
81258292761874
81258292772874
81258292783874
81258292794874
81258292861974
81258292872974
81258292883974
81259391161264
81259391172264
81259391183264
81259391194264
81259391261364
81259391272364
81259391283364
81259391294364
81259391361464
81259391372464
81259391383464
81259391461564
81259391472564
81259391483564
81259391494564
81259391561664
81259391572664
81259391583664
81259391661764
81259391672764
81259391683764
81259391694764
81259391761864
81259391772864
81259391783864
81259391861964
81259391872964
81259391883964
81259391894964
81259392161274
81259392172274
81259392183274
81259392261374
81259392272374
81259392283374
81259392361474
81259392372474
81259392383474
81259392461574
81259392472574
81259392483574
81259392494574
81259392561674
81259392572674
81259392583674
81259392594674
81259392661774
81259392672774
81259392683774
81259392761874
81259392772874
81259392783874
81259392794874
81259392861974
81259392872974
81259392883974
81367191161264
81367191172264
81367191183264
81367191194264
81367191261364
81367191272364
81367191283364
81367191294364
81367191361464
81367191372464
81367191383464
81367191394464
81367191461564
81367191472564
81367191483564
81367191494564
81367191561664
81367191572664
81367191583664
81367191661764
81367191672764
81367191683764
81367191694764
81367191761864
81367191772864
81367191783864
81367191794864
81367191861964
81367191883964
81367192161274
81367192172274
81367192183274
81367192194274
81367192261374
81367192272374
81367192283374
81367192294374
81367192361474
81367192372474
81367192383474
81367192394474
81367192461574
81367192472574
81367192483574
81367192561674
81367192572674
81367192583674
81367192661774
81367192672774
81367192683774
81367192761874
81367192772874
81367192783874
81367192794874
81367192872974
81367192883974
81367192894974
81368291161264
81368291183264
81368291194264
81368291261364
81368291272364
81368291283364
81368291372464
81368291383464
81368291461564
81368291472564
81368291483564
81368291494564
81368291561664
81368291572664
81368291583664
81368291661764
81368291672764
81368291683764
81368291761864
81368291772864
81368291783864
81368291861964
81368291872964
81368291883964
81368292161274
81368292172274
81368292183274
81368292261374
81368292272374
81368292283374
81368292361474
81368292372474
81368292383474
81368292394474
81368292461574
81368292472574
81368292483574
81368292494574
81368292561674
81368292572674
81368292583674
81368292672774
81368292683774
81368292694774
81368292761874
81368292772874
81368292783874
81368292794874
81368292861974
81368292872974
81368292883974
81368292894974
81369391161264
81369391172264
81369391183264
81369391261364
81369391272364
81369391283364
81369391361464
81369391372464
81369391383464
81369391394464
81369391461564
81369391472564
81369391483564
81369391494564
81369391561664
81369391572664
81369391583664
81369391661764
81369391672764
81369391683764
81369391761864
81369391772864
81369391783864
81369391861964
81369391872964
81369391883964
81369392161274
81369392172274
81369392183274
81369392194274
81369392261374
81369392272374
81369392283374
81369392361474
81369392372474
81369392383474
81369392461574
81369392472574
81369392483574
81369392494574
81369392561674
81369392572674
81369392583674
81369392594674
81369392661774
81369392672774
81369392683774
81369392694774
81369392761874
81369392772874
81369392783874
81369392861974
81369392872974
81369392883974
81477191161264
81477191172264
81477191183264
81477191261364
81477191272364
81477191283364
81477191294364
81477191361464
81477191372464
81477191383464
81477191394464
81477191461564
81477191472564
81477191483564
81477191494564
81477191561664
81477191572664
81477191583664
81477191661764
81477191672764
81477191683764
81477191694764
81477191761864
81477191772864
81477191783864
81477191794864
81477191861964
81477191872964
81477191883964
81477191894964
81477192161274
81477192172274
81477192183274
81477192194274
81477192261374
81477192272374
81477192283374
81477192361474
81477192372474
81477192383474
81477192394474
81477192461574
81477192472574
81477192483574
81477192494574
81477192561674
81477192572674
81477192583674
81477192661774
81477192672774
81477192683774
81477192694774
81477192761874
81477192772874
81477192783874
81477192861974
81477192872974
81477192883974
81477192894974
81478291161264
81478291172264
81478291183264
81478291194264
81478291261364
81478291272364
81478291283364
81478291294364
81478291361464
81478291372464
81478291383464
81478291394464
81478291461564
81478291472564
81478291483564
81478291494564
81478291561664
81478291572664
81478291583664
81478291594664
81478291661764
81478291672764
81478291683764
81478291761864
81478291772864
81478291783864
81478291861964
81478291872964
81478291883964
81478291894964
81478292161274
81478292172274
81478292183274
81478292194274
81478292272374
81478292283374
81478292361474
81478292372474
81478292383474
81478292461574
81478292472574
81478292483574
81478292494574
81478292561674
81478292572674
81478292583674
81478292661774
81478292672774
81478292683774
81478292694774
81478292761874
81478292772874
81478292783874
81478292861974
81478292872974
81478292883974
81479391161264
81479391172264
81479391183264
81479391261364
81479391272364
81479391283364
81479391361464
81479391372464
81479391383464
81479391461564
81479391472564
81479391483564
81479391494564
81479391561664
81479391572664
81479391583664
81479391594664
81479391661764
81479391672764
81479391683764
81479391694764
81479391761864
81479391772864
81479391783864
81479391794864
81479391861964
81479391883964
81479391894964
81479392161274
81479392172274
81479392183274
81479392261374
81479392272374
81479392283374
81479392361474
81479392372474
81479392383474
81479392394474
81479392461574
81479392472574
81479392483574
81479392494574
81479392561674
81479392572674
81479392583674
81479392661774
81479392672774
81479392683774
81479392694774
81479392761874
81479392772874
81479392783874
81479392794874
81479392861974
81479392872974
81479392883974
81479392894974
81587191161264
81587191183264
81587191194264
81587191261364
81587191272364
81587191283364
81587191294364
81587191361464
81587191372464
81587191383464
81587191394464
81587191461564
81587191472564
81587191483564
81587191494564
81587191561664
81587191572664
81587191583664
81587191594664
81587191661764
81587191672764
81587191683764
81587191694764
81587191761864
81587191772864
81587191783864
81587191794864
81587191861964
81587191872964
81587191883964
81587191894964
81587192161274
81587192172274
81587192183274
81587192194274
81587192261374
81587192272374
81587192283374
81587192294374
81587192361474
81587192372474
81587192383474
81587192394474
81587192461574
81587192472574
81587192483574
81587192494574
81587192561674
81587192572674
81587192583674
81587192594674
81587192661774
81587192672774
81587192683774
81587192694774
81587192761874
81587192772874
81587192783874
81587192794874
81587192861974
81587192872974
81587192883974
81588291161264
81588291172264
81588291183264
81588291194264
81588291261364
81588291272364
81588291283364
81588291294364
81588291361464
81588291372464
81588291383464
81588291472564
81588291483564
81588291561664
81588291572664
81588291583664
81588291661764
81588291672764
81588291683764
81588291694764
81588291761864
81588291772864
81588291783864
81588291861964
81588291872964
81588291883964
81588291894964
81588292161274
81588292172274
81588292183274
81588292194274
81588292261374
81588292272374
81588292283374
81588292361474
81588292372474
81588292383474
81588292461574
81588292472574
81588292483574
81588292494574
81588292561674
81588292572674
81588292583674
81588292661774
81588292672774
81588292683774
81588292694774
81588292761874
81588292772874
81588292783874
81588292861974
81588292872974
81588292883974
81589391161264
81589391172264
81589391183264
81589391194264
81589391261364
81589391272364
81589391283364
81589391361464
81589391372464
81589391383464
81589391472564
81589391483564
81589391561664
81589391572664
81589391583664
81589391594664
81589391661764
81589391672764
81589391683764
81589391694764
81589391761864
81589391772864
81589391783864
81589391794864
81589391861964
81589391872964
81589391883964
81589392161274
81589392172274
81589392183274
81589392261374
81589392272374
81589392283374
81589392361474
81589392372474
81589392383474
81589392394474
81589392461574
81589392472574
81589392483574
81589392494574
81589392561674
81589392572674
81589392583674
81589392594674
81589392661774
81589392672774
81589392683774
81589392694774
81589392761874
81589392772874
81589392783874
81589392794874
81589392861974
81589392872974
81589392883974
81697191161264
81697191172264
81697191183264
81697191194264
81697191261364
81697191272364
81697191283364
81697191361464
81697191372464
81697191383464
81697191394464
81697191461564
81697191472564
81697191483564
81697191494564
81697191561664
81697191572664
81697191583664
81697191594664
81697191661764
81697191672764
81697191683764
81697191694764
81697191761864
81697191772864
81697191783864
81697191794864
81697191872964
81697191883964
81697192172274
81697192183274
81697192194274
81697192261374
81697192272374
81697192283374
81697192294374
81697192361474
81697192372474
81697192383474
81697192394474
81697192461574
81697192472574
81697192483574
81697192494574
81697192561674
81697192572674
81697192583674
81697192594674
81697192661774
81697192672774
81697192683774
81697192761874
81697192772874
81697192783874
81697192794874
81697192861974
81697192872974
81697192883974
81697192894974
81698291161264
81698291183264
81698291261364
81698291272364
81698291283364
81698291361464
81698291383464
81698291394464
81698291461564
81698291472564
81698291483564
81698291494564
81698291561664
81698291572664
81698291583664
81698291594664
81698291661764
81698291672764
81698291683764
81698291694764
81698291761864
81698291772864
81698291783864
81698291794864
81698291861964
81698291872964
81698291883964
81698292161274
81698292172274
81698292183274
81698292261374
81698292272374
81698292283374
81698292361474
81698292372474
81698292383474
81698292461574
81698292472574
81698292483574
81698292494574
81698292572674
81698292583674
81698292594674
81698292661774
81698292672774
81698292683774
81698292694774
81698292761874
81698292772874
81698292783874
81698292794874
81698292861974
81698292872974
81698292883974
81698292894974
81699391161264
81699391172264
81699391183264
81699391261364
81699391272364
81699391283364
81699391294364
81699391361464
81699391372464
81699391383464
81699391394464
81699391461564
81699391472564
81699391483564
81699391494564
81699391561664
81699391572664
81699391583664
81699391594664
81699391661764
81699391672764
81699391683764
81699391694764
81699391761864
81699391772864
81699391783864
81699391794864
81699391861964
81699391872964
81699391883964
81699391894964
81699392161274
81699392172274
81699392183274
81699392194274
81699392261374
81699392272374
81699392283374
81699392372474
81699392383474
81699392461574
81699392472574
81699392483574
81699392494574
81699392561674
81699392572674
81699392583674
81699392661774
81699392672774
81699392683774
81699392761874
81699392772874
81699392783874
81699392794874
81699392861974
81699392872974
81699392883974